start=497.364031
volume=115.000000
