start=77.410667
pause=yes
volume=140.000000
