start=494.494000
pause=yes
volume=125.000000
