start=911.494000
volume=142.000000
fullscreen=yes
sid=6
