start=1860.041000
volume=90.000000
fullscreen=yes
aid=1
