start=1214.672000
volume=126.000000
fullscreen=yes
aid=1
