start=1229.529530
pause=yes
volume=155.000000
