start=2223.916678
pause=yes
volume=94.000000
